Run semi-empirical minimization
 &qmmm
    qm_theory='AM1', grms_tol=0.0005,
  scfconv=1.d-10,   qmcharge=0,
 /
   1   H01       12.2710       22.7220       15.5260 
   1   H02       14.8820       16.2700       12.4430 
   1   H03       13.4510       17.4550       14.1170 
   1   H04       13.1780       18.7670       16.5580 
   1   H05       13.8620       25.1050       17.8840 
   1   H06       13.1540       22.1290       18.1260 
   1   H07       11.7630       16.5530        9.5720 
   1   H08       20.1340       26.6700       17.3260 
   1   H09        8.9740       19.2800       14.1760 
   1   H10        8.1720       18.9440       11.8150 
   1   H11        9.5680       17.8050       10.1850 
   1   H12        9.7640       18.4520       16.2350 
   1   H13       13.3190       17.6640       19.0890 
   1   H14       16.1070       22.6140       17.4180 
   1   H15       15.2700       23.4920       19.6780 
   1   H16       15.2870       24.4480       15.9920 
   1   H17       18.9180       26.0610       18.9940 
   1   H18       20.8580       24.2180       18.7360 
   1   H19       17.4060       23.2920       20.9130 
   1   H20       18.4500       24.9390       14.5110 
   1   H21       21.2780       25.1100       13.7410 
   1   H22       20.9050       27.9250       16.1730 
   1   H23       12.8970       20.3200       19.1380 
   1   H24       12.8800       19.4990       22.1600 
   1   H25       16.5010       22.6030       14.6850 
   1   H26       15.9930       21.0750       12.6940 
   1   H27       13.7100       20.4350       12.2430 
   1   H28       11.8210       21.1140       13.6330 
   1   H29       13.2560       17.7680       22.3320 
   1   H30       10.0610       20.0440       15.5520 
   1   H31       14.9100       18.0530       18.4410 
   1   H32       13.5960       24.1050       16.5570 
   1   H33       20.2350       24.8220       20.3090 
   1   H34       17.0600       22.2750       19.5520 
   1   H35       19.0040       26.2180       13.4040 
   1   H36       20.6360       24.0320       15.0040 
   1   H37       20.1040       28.2040       14.6070 
   1   H38       12.3350       18.3430       20.9220 
   1   H39       18.0730       26.6430       14.8600 
   1   H40       22.0050       25.1090       15.3650 
   1   H41       21.7270       27.4750       14.6600 
   6    C1       13.8670       16.5830       12.1980 
   7    N1       13.3200       16.3440       11.0010 
   8    O1       11.4470       18.5770       15.0330 
  16    S1       14.6580       18.8280       20.7230 
   6    C2       13.0530       17.2630       13.1200 
   7    N2       12.7210       19.2780       17.3000 
   8    O2       14.1150       24.8580       18.7760 
  16    S2       19.4720       22.5960       19.8520 
   6    C3       11.7790       17.7000       12.8310 
   7    N3       14.1300       21.9310       17.9570 
   8    O3       10.7470       19.9470       18.1670 
   6    C4       11.2290       17.4630       11.4810 
   7    N4       17.6840       24.2950       19.0290 
   8    O4       16.4940       25.8450       17.9870 
   6    C5       12.0910       16.7600       10.5910 
   7    N5       19.8040       25.9480       16.7010 
   8    O5       18.8500       23.9070       16.5960 
   6    C6       10.9040       18.3450       13.7550 
   8    O6       15.8040       20.3480       17.8500 
   6    C7        9.6060       18.7940       13.4330 
   6    C8        9.1590       18.5890       12.1120 
   6    C9        9.9560       17.9450       11.1940 
   6   C10       10.5470       19.1620       15.9700 
   6   C11       11.3850       19.5230       17.2150 
   6   C12       14.0900       18.4330       19.0510 
   6   C13       14.6380       20.6500       18.0500 
   6   C14       15.1100       23.0190       17.5900 
   6   C15       15.2300       24.0270       18.7290 
   6   C16       14.5720       23.6880       16.3070 
   6   C17       16.4710       24.7960       18.5770 
   6   C18       18.9200       25.0100       18.7030 
   6   C19       19.9910       24.2810       19.3940 
   6   C20       17.7260       23.0660       19.8960 
   6   C21       19.0910       24.8830       17.2510 
   6   C22       20.1120       26.0890       15.2390 
   6   C23       18.8180       25.9630       14.4470 
   6   C24       21.0740       25.0100       14.8070 
   6   C25       20.7630       27.5370       15.1640 
   6   C26       13.5110       19.7410       18.4480 
   6   C27       13.1340       18.5860       21.6220 
   6   C28       14.3590       22.7530       15.1790 
   6   C29       15.4830       22.3060       14.4340 
   6   C30       15.1910       21.4420       13.3350 
   6   C31       13.9020       21.0830       13.0980 
   6   C32       12.8290       21.4700       13.8470 
   6   C33       13.0930       22.3550       14.9120 

