Probability Density Function:

cluster: 0
PC 0:min max interval: -0.875068 0.563464 0.020550
probability:
0.014090 0.007045 0.000000 0.000000 0.007045 0.007045 0.000000 0.007045 0.014090 0.028181 
0.014090 0.007045 0.007045 0.021135 0.049316 0.042271 0.028181 0.070451 0.077496 0.084542 
0.042271 0.084542 0.098632 0.169083 0.133858 0.295896 0.493159 0.302941 0.450888 0.556565 
0.767919 0.810190 1.021544 1.056770 1.458342 1.585155 1.599245 1.845825 2.000818 2.282623 
2.381255 2.395345 2.536248 2.825098 2.127630 2.148765 2.310803 2.127630 1.789464 1.648561 
1.556974 1.239943 1.141312 0.951093 0.746784 0.718603 0.641107 0.443843 0.408618 0.267715 
0.260670 0.176128 0.077496 0.035226 0.070451 0.028181 0.014090 0.035226 0.007045 0.000000 

PC 1:min max interval: -1.015753 1.179662 0.031363
probability:
0.004616 0.000000 0.004616 0.000000 0.004616 0.004616 0.000000 0.009233 0.018465 0.032314 
0.023081 0.009233 0.050779 0.036930 0.069244 0.096942 0.152337 0.156953 0.221581 0.258512 
0.373919 0.447779 0.572419 0.775535 0.923256 1.130988 1.421814 1.735721 1.823430 1.809581 
1.957302 1.846512 2.003465 1.763419 1.781884 1.431046 1.431046 1.264860 1.195616 0.812465 
0.784767 0.590884 0.558570 0.452395 0.332372 0.230814 0.221581 0.170802 0.143105 0.115407 
0.083093 0.069244 0.069244 0.073860 0.069244 0.050779 0.036930 0.018465 0.023081 0.013849 
0.027698 0.013849 0.009233 0.009233 0.004616 0.023081 0.018465 0.004616 0.004616 0.000000 

PC 2:min max interval: -0.996232 1.727322 0.038908
probability:
0.003721 0.000000 0.003721 0.003721 0.003721 0.003721 0.003721 0.018606 0.011163 0.037211 
0.048374 0.070701 0.081864 0.130239 0.279083 0.383274 0.539561 0.692127 0.848413 1.082843 
1.294947 1.454954 1.592635 1.812181 1.838229 1.972189 1.678221 1.719153 1.495886 1.183313 
1.138660 1.064238 0.736780 0.576772 0.494908 0.320016 0.226988 0.186056 0.137681 0.111633 
0.070701 0.044653 0.044653 0.022327 0.037211 0.011163 0.033490 0.018606 0.014884 0.014884 
0.014884 0.011163 0.014884 0.007442 0.007442 0.014884 0.000000 0.007442 0.011163 0.011163 
0.000000 0.000000 0.000000 0.000000 0.000000 0.000000 0.000000 0.000000 0.003721 0.000000 

PC 3:min max interval: -1.170465 0.944081 0.030208
probability:
0.009586 0.009586 0.004793 0.023964 0.028757 0.028757 0.028757 0.019171 0.052721 0.062307 
0.095856 0.091064 0.148578 0.138992 0.206091 0.258813 0.263605 0.297155 0.378633 0.373840 
0.397804 0.445733 0.560760 0.541589 0.642238 0.666203 0.685374 0.608689 0.627860 0.656617 
0.781230 0.747681 0.762059 0.853123 0.901051 0.819573 0.805195 0.929808 0.896258 0.925015 
0.857916 1.097557 1.073593 1.006493 0.958565 0.929808 1.020872 0.881880 1.035250 0.948979 
0.857916 0.867501 0.718924 0.776438 0.579932 0.536796 0.393012 0.455318 0.297155 0.244434 
0.196506 0.186920 0.143785 0.091064 0.057514 0.057514 0.009586 0.019171 0.014378 0.009586 

PC 4:min max interval: -1.755718 4.411183 0.088099
probability:
0.001643 0.000000 0.000000 0.000000 0.001643 0.000000 0.001643 0.003287 0.016434 0.018077 
0.041085 0.072309 0.128185 0.223502 0.307315 0.491375 0.711589 1.033695 1.732137 2.003297 
1.641750 1.181600 0.752674 0.364833 0.152836 0.072309 0.039441 0.037798 0.027938 0.021364 
0.026294 0.013147 0.016434 0.001643 0.004930 0.006574 0.000000 0.003287 0.000000 0.000000 
0.001643 0.001643 0.000000 0.000000 0.000000 0.001643 0.000000 0.000000 0.000000 0.001643 
0.000000 0.000000 0.003287 0.009860 0.049302 0.052589 0.057519 0.013147 0.001643 0.001643 
0.000000 0.000000 0.000000 0.000000 0.000000 0.000000 0.001643 0.000000 0.000000 0.000000 

PC 5:min max interval: -3.249418 2.784382 0.086197
probability:
0.003359 0.005039 0.005039 0.005039 0.015117 0.094060 0.174683 0.292258 0.371202 0.503894 
0.554283 0.579478 0.571079 0.537487 0.408154 0.288899 0.156207 0.090701 0.031913 0.026874 
0.010078 0.015117 0.008398 0.005039 0.001680 0.001680 0.000000 0.000000 0.000000 0.001680 
0.000000 0.001680 0.000000 0.000000 0.000000 0.000000 0.000000 0.000000 0.000000 0.000000 
0.000000 0.000000 0.000000 0.000000 0.000000 0.000000 0.000000 0.005039 0.010078 0.050389 
0.117575 0.356085 0.581157 0.875095 1.069934 0.982593 0.920446 0.656741 0.381280 0.223393 
0.169644 0.080623 0.070545 0.043671 0.033593 0.060467 0.073904 0.060467 0.010078 0.006719 

cluster: 1
PC 0:min max interval: -0.932085 0.941416 0.026764
probability:
0.010720 0.005360 0.032159 0.032159 0.032159 0.032159 0.058958 0.075037 0.058958 0.091117 
0.080397 0.117916 0.155434 0.214392 0.166154 0.214392 0.316229 0.246551 0.337668 0.380546 
0.541340 0.664616 0.627097 0.664616 0.803971 0.932606 0.959405 0.970125 1.163078 1.168437 
1.318512 1.318512 1.404269 1.447147 1.656180 1.602582 1.591862 1.479306 1.575783 1.452507 
1.414989 1.382830 1.189877 0.954045 0.932606 0.846849 0.830770 0.723574 0.423425 0.514541 
0.412705 0.359107 0.305509 0.187593 0.198313 0.160794 0.112556 0.117916 0.042878 0.053598 
0.016079 0.026799 0.026799 0.042878 0.021439 0.010720 0.026799 0.000000 0.010720 0.010720 

PC 1:min max interval: -0.459618 0.793916 0.017908
probability:
0.040053 0.032043 0.080106 0.112149 0.272361 0.352468 0.777031 0.712946 0.841116 0.977297 
0.985308 1.065414 1.089446 1.161541 1.321754 1.538041 1.594115 1.473956 1.618147 1.738307 
1.650190 1.978626 1.666211 2.066743 2.018679 2.090775 2.002658 1.778360 1.818413 1.738307 
1.650190 1.746317 1.834434 1.522020 1.538041 1.393850 1.385839 1.057403 0.977297 0.897191 
0.672893 0.656872 0.576765 0.456606 0.472627 0.512680 0.360478 0.264351 0.304404 0.184244 
0.120159 0.120159 0.112149 0.080106 0.064085 0.072096 0.040053 0.040053 0.032043 0.016021 
0.032043 0.016021 0.008011 0.008011 0.000000 0.000000 0.000000 0.000000 0.016021 0.000000 

PC 2:min max interval: -1.024371 0.496687 0.021729
probability:
0.006602 0.000000 0.000000 0.000000 0.000000 0.000000 0.000000 0.000000 0.006602 0.006602 
0.006602 0.006602 0.006602 0.019805 0.019805 0.026407 0.033009 0.026407 0.033009 0.066017 
0.046212 0.066017 0.046212 0.052814 0.118831 0.079221 0.085822 0.112229 0.118831 0.231060 
0.204653 0.349891 0.310281 0.501731 0.521536 0.646969 0.739393 0.798808 0.983656 1.208115 
1.373158 1.597616 1.808871 1.822075 2.191771 2.304000 2.462442 2.535061 2.376619 2.482247 
2.568069 2.343611 2.323806 1.795668 1.815473 1.392963 1.392963 1.135496 0.805410 0.567748 
0.448917 0.363095 0.237662 0.184848 0.079221 0.046212 0.039610 0.026407 0.000000 0.006602 

PC 3:min max interval: -3.518192 2.661401 0.088280
probability:
0.011375 0.013000 0.025999 0.027624 0.025999 0.021124 0.011375 0.013000 0.003250 0.006500 
0.001625 0.000000 0.001625 0.000000 0.000000 0.006500 0.000000 0.003250 0.003250 0.013000 
0.006500 0.019500 0.024374 0.025999 0.050374 0.061749 0.115372 0.116997 0.168996 0.206370 
0.224245 0.183621 0.266494 0.264869 0.320117 0.427365 0.464739 0.597986 0.706858 0.789731 
0.828730 0.786481 0.695484 0.666234 0.671109 0.493988 0.451739 0.355867 0.295743 0.229120 
0.144622 0.099123 0.071498 0.056874 0.060124 0.032499 0.032499 0.030874 0.016250 0.014625 
0.008125 0.013000 0.008125 0.006500 0.006500 0.008125 0.004875 0.003250 0.003250 0.000000 

PC 4:min max interval: -1.774766 3.434119 0.074413
probability:
0.007711 0.011567 0.067472 0.121450 0.223623 0.331579 0.474235 0.591830 0.603396 0.624602 
0.651591 0.630385 0.526285 0.522429 0.453029 0.358568 0.312301 0.283384 0.223623 0.233262 
0.239045 0.242901 0.204345 0.229406 0.262179 0.240973 0.235190 0.252540 0.185067 0.140728 
0.181212 0.142656 0.148439 0.144584 0.160006 0.140728 0.121450 0.109884 0.106028 0.113739 
0.086750 0.090606 0.075184 0.088678 0.073256 0.082895 0.086750 0.065545 0.061689 0.080967 
0.109884 0.115667 0.146512 0.127234 0.133017 0.150367 0.196634 0.142656 0.142656 0.150367 
0.136873 0.080967 0.069400 0.040483 0.015422 0.015422 0.009639 0.003856 0.000000 0.003856 

PC 5:min max interval: -3.227905 3.408597 0.094807
probability:
0.016644 0.119534 0.361628 0.661219 0.621879 0.518989 0.313209 0.229989 0.160387 0.113481 
0.093811 0.057497 0.051445 0.037827 0.043880 0.018157 0.030262 0.039340 0.040853 0.030262 
0.040853 0.028749 0.045393 0.040853 0.039340 0.036314 0.046906 0.025722 0.040853 0.039340 
0.045393 0.027236 0.033288 0.042366 0.046906 0.052958 0.071115 0.066576 0.099864 0.139204 
0.174005 0.202754 0.285973 0.361628 0.393402 0.328340 0.364654 0.293539 0.287486 0.204267 
0.233015 0.242094 0.252685 0.205780 0.189136 0.210319 0.198214 0.210319 0.320774 0.354062 
0.304130 0.170979 0.086246 0.034801 0.022696 0.022696 0.012105 0.007565 0.001513 0.001513 

cluster: 2
PC 0:min max interval: -0.978560 0.703608 0.024031
probability:
0.006108 0.012216 0.000000 0.012216 0.018324 0.012216 0.006108 0.018324 0.018324 0.036647 
0.024432 0.012216 0.054971 0.030539 0.048863 0.061079 0.073295 0.134373 0.146589 0.183236 
0.171021 0.189344 0.250423 0.244315 0.372581 0.470307 0.506954 0.519170 0.635219 0.610788 
0.806240 0.916182 1.026124 1.227684 1.386489 1.435352 1.612480 1.771285 1.588049 1.814040 
1.875119 1.752961 1.917874 2.113326 1.759069 1.814040 1.410920 1.661343 1.514754 1.288763 
1.056663 0.977261 0.763485 0.604680 0.665759 0.482522 0.445875 0.238207 0.256531 0.158805 
0.085510 0.042755 0.061079 0.091618 0.030539 0.048863 0.012216 0.012216 0.000000 0.000000 

PC 1:min max interval: -1.043130 1.049114 0.029889
probability:
0.004911 0.004911 0.000000 0.004911 0.000000 0.009821 0.014732 0.014732 0.034375 0.088393 
0.073661 0.093304 0.117858 0.137501 0.142412 0.235716 0.220984 0.270091 0.348663 0.392860 
0.491075 0.466521 0.667861 0.716969 0.815184 0.933042 0.913399 0.893756 1.139293 1.217865 
1.163847 1.394652 1.306258 1.316080 1.360276 1.522331 1.262061 1.203133 1.212954 1.335723 
1.055810 1.060721 0.947774 0.879023 0.785719 0.712058 0.628575 0.672772 0.466521 0.383038 
0.363395 0.378127 0.304466 0.240627 0.220984 0.162055 0.122769 0.078572 0.127679 0.083483 
0.068750 0.044197 0.034375 0.029464 0.014732 0.014732 0.014732 0.009821 0.004911 0.000000 

PC 2:min max interval: -1.117139 0.903342 0.028864
probability:
0.005085 0.010170 0.005085 0.020341 0.015255 0.025426 0.045766 0.045766 0.096618 0.066107 
0.177981 0.127129 0.157640 0.152555 0.177981 0.244088 0.259343 0.361046 0.269514 0.325450 
0.396643 0.371217 0.411898 0.483090 0.416983 0.554283 0.732263 0.711923 0.666156 0.788200 
0.905159 0.935670 0.920414 0.976351 1.037373 1.022117 1.184843 1.047543 1.108565 1.123821 
0.976351 1.210268 1.027203 1.215354 1.118736 0.930585 0.971266 0.772945 0.833966 0.671241 
0.747519 0.772945 0.625475 0.574623 0.533942 0.539027 0.457665 0.391557 0.366132 0.294939 
0.284769 0.188151 0.223747 0.162725 0.116959 0.091533 0.101703 0.025426 0.020341 0.010170 

PC 3:min max interval: -2.361696 2.029385 0.062730
probability:
0.007020 0.014039 0.021059 0.021059 0.030418 0.035098 0.046797 0.042117 0.044457 0.049137 
0.063176 0.039777 0.039777 0.053817 0.046797 0.063176 0.072535 0.140391 0.107633 0.098274 
0.088914 0.142731 0.098274 0.074875 0.079555 0.121672 0.152090 0.163790 0.194208 0.313540 
0.418833 0.510088 0.655158 0.713655 0.713655 0.797889 0.701955 0.861065 0.832987 0.879784 
0.900843 0.823628 0.758112 0.620061 0.528806 0.404794 0.308860 0.255044 0.212926 0.152090 
0.114653 0.095934 0.084235 0.084235 0.112313 0.091254 0.119332 0.114653 0.126352 0.084235 
0.072535 0.091254 0.072535 0.065516 0.028078 0.028078 0.023399 0.009359 0.002340 0.002340 

PC 4:min max interval: -3.314440 3.121920 0.091948
probability:
0.020752 0.280952 0.475703 0.458143 0.306493 0.253815 0.215503 0.185173 0.177191 0.130898 
0.098972 0.095779 0.068642 0.059064 0.043101 0.030330 0.025541 0.022348 0.027137 0.028734 
0.036715 0.028734 0.025541 0.041504 0.057467 0.052678 0.121320 0.087797 0.140476 0.156439 
0.241044 0.295319 0.288934 0.338419 0.384713 0.340016 0.325649 0.290530 0.234659 0.196347 
0.146861 0.162824 0.146861 0.121320 0.103761 0.079816 0.071834 0.046293 0.033523 0.039908 
0.052678 0.023945 0.022348 0.036715 0.022348 0.043101 0.041504 0.047890 0.057467 0.051082 
0.081412 0.110146 0.175595 0.196347 0.263392 0.316071 0.410254 0.470914 0.478895 0.330438 

PC 5:min max interval: -3.063228 3.653465 0.095953
probability:
0.012238 0.012238 0.022945 0.024475 0.038242 0.036713 0.059658 0.133083 0.191212 0.319706 
0.416076 0.491031 0.439022 0.380893 0.339592 0.276874 0.227924 0.211098 0.125435 0.081074 
0.090252 0.079544 0.076485 0.064247 0.058128 0.033653 0.055069 0.045891 0.048950 0.050480 
0.048950 0.056599 0.052010 0.058128 0.081074 0.088722 0.096371 0.076485 0.123905 0.151440 
0.235573 0.324295 0.376304 0.582813 0.552219 0.627174 0.562927 0.477264 0.387012 0.281463 
0.160618 0.082603 0.064247 0.056599 0.055069 0.035183 0.029064 0.032124 0.035183 0.015297 
0.027534 0.013767 0.029064 0.029064 0.018356 0.013767 0.012238 0.009178 0.010708 0.007648 

cluster: 3
PC 0:min max interval: -0.737457 0.472079 0.017279
probability:
0.008917 0.000000 0.008917 0.000000 0.008917 0.000000 0.000000 0.017835 0.000000 0.008917 
0.017835 0.008917 0.008917 0.000000 0.080256 0.008917 0.044587 0.071339 0.062421 0.071339 
0.080256 0.133760 0.115925 0.258602 0.205098 0.374528 0.579626 0.543957 0.606378 0.731221 
0.757973 1.141418 1.319764 1.515945 1.453524 1.462441 2.015316 2.095572 2.398761 2.425513 
2.291753 3.031891 3.022973 3.192402 2.844627 2.915965 2.425513 2.166910 2.291753 1.917225 
1.988564 1.587284 1.533780 1.194922 0.954154 0.998740 0.650965 0.526122 0.481536 0.365610 
0.267520 0.160512 0.124843 0.098091 0.035669 0.035669 0.044587 0.026752 0.035669 0.008917 

PC 1:min max interval: -0.744529 0.734317 0.021126
probability:
0.021880 0.007293 0.014587 0.014587 0.021880 0.043760 0.014587 0.051054 0.102108 0.072934 
0.065641 0.138575 0.138575 0.116694 0.204215 0.255269 0.277149 0.247976 0.547005 0.481365 
0.539712 0.780394 0.729340 0.984610 0.948143 1.137771 1.159651 1.378454 1.334693 1.677483 
1.655603 1.772297 1.794178 1.961926 2.093207 2.115088 2.012980 2.034860 1.801471 1.560789 
1.597256 1.589962 1.743124 1.451388 1.327400 1.123184 1.123184 0.940849 0.670993 0.707460 
0.510538 0.510538 0.379257 0.306323 0.306323 0.175042 0.116694 0.123988 0.072934 0.094814 
0.058347 0.021880 0.021880 0.007293 0.000000 0.000000 0.014587 0.000000 0.014587 0.007293 

PC 2:min max interval: -1.201601 1.136518 0.033402
probability:
0.004613 0.004613 0.013839 0.000000 0.004613 0.004613 0.023065 0.013839 0.004613 0.018452 
0.032291 0.036904 0.050743 0.059969 0.096874 0.050743 0.115326 0.175295 0.166069 0.216813 
0.281395 0.415173 0.327526 0.433625 0.484369 0.576630 0.728860 0.867251 0.867251 1.019481 
1.208616 1.231681 1.268585 1.513076 1.457720 1.268585 1.466946 1.328555 1.254746 1.194777 
1.231681 1.162485 1.005642 1.005642 0.830347 0.664277 0.705795 0.539725 0.465917 0.419786 
0.350591 0.295234 0.184521 0.216813 0.096874 0.069196 0.096874 0.069196 0.046130 0.027678 
0.032291 0.036904 0.046130 0.009226 0.009226 0.000000 0.009226 0.004613 0.004613 0.009226 

PC 3:min max interval: -1.083898 1.238517 0.033177
probability:
0.027865 0.004644 0.009288 0.009288 0.018577 0.046442 0.018577 0.055731 0.088240 0.120750 
0.139327 0.162548 0.213634 0.269365 0.269365 0.404048 0.459779 0.436557 0.599105 0.608394 
0.668769 0.719855 0.752365 0.854538 0.952067 1.003153 0.919557 1.021730 1.077461 0.984576 
1.072817 1.049595 1.058884 0.993865 0.961355 0.891692 0.822028 0.891692 0.775586 0.812740 
0.668769 0.691990 0.691990 0.747721 0.566596 0.520154 0.552663 0.506221 0.455134 0.329740 
0.320452 0.287942 0.320452 0.190413 0.255433 0.190413 0.148615 0.111461 0.102173 0.046442 
0.074308 0.037154 0.023221 0.018577 0.009288 0.004644 0.013933 0.000000 0.004644 0.004644 

PC 4:min max interval: -5.488649 0.874167 0.090897
probability:
0.128830 0.150867 0.016951 0.011866 0.006781 0.000000 0.000000 0.000000 0.001695 0.000000 
0.000000 0.000000 0.000000 0.000000 0.001695 0.001695 0.003390 0.000000 0.000000 0.000000 
0.000000 0.000000 0.000000 0.000000 0.000000 0.000000 0.000000 0.000000 0.000000 0.000000 
0.000000 0.000000 0.000000 0.000000 0.000000 0.000000 0.000000 0.000000 0.001695 0.000000 
0.000000 0.000000 0.003390 0.003390 0.001695 0.000000 0.000000 0.001695 0.003390 0.005085 
0.003390 0.016951 0.013561 0.050854 0.183074 0.364454 0.608553 0.872994 1.193374 1.330680 
0.976397 0.432259 0.116964 0.069500 0.171209 0.554309 1.179813 1.391705 0.889945 0.235624 

PC 5:min max interval: -3.799074 2.526700 0.090368
probability:
0.600181 0.603591 0.305206 0.151750 0.081843 0.028986 0.011935 0.008525 0.006820 0.003410 
0.005115 0.000000 0.001705 0.000000 0.000000 0.000000 0.000000 0.000000 0.000000 0.001705 
0.000000 0.000000 0.000000 0.000000 0.001705 0.008525 0.010230 0.027281 0.057972 0.153455 
0.330782 0.560965 0.862760 0.896862 0.762162 0.511518 0.255759 0.153455 0.109124 0.052857 
0.018756 0.013640 0.008525 0.003410 0.003410 0.000000 0.000000 0.000000 0.001705 0.001705 
0.001705 0.000000 0.000000 0.000000 0.001705 0.000000 0.000000 0.001705 0.003410 0.003410 
0.003410 0.003410 0.020461 0.061382 0.148340 0.381933 0.721240 1.145800 1.195247 0.753637 

cluster: 4
PC 0:min max interval: -1.039156 0.557812 0.022814
probability:
0.015084 0.000000 0.000000 0.000000 0.000000 0.000000 0.000000 0.015084 0.000000 0.015084 
0.015084 0.015084 0.022625 0.037709 0.022625 0.030167 0.060335 0.052793 0.045251 0.098044 
0.098044 0.105586 0.165920 0.135753 0.113127 0.181004 0.226255 0.301673 0.233796 0.346924 
0.618429 0.550553 0.475135 0.663680 0.905019 0.882393 1.025688 0.920102 1.267026 1.229317 
1.432946 1.546073 1.945790 1.877914 1.734619 1.983499 2.066459 2.036292 1.696910 1.983499 
1.840204 1.742161 1.666743 1.817579 1.297193 1.304735 1.078480 0.791891 0.588262 0.595804 
0.505302 0.324298 0.354466 0.271506 0.143295 0.067876 0.113127 0.075418 0.015084 0.037709 

PC 1:min max interval: -2.119580 1.177784 0.047105
probability:
0.003653 0.000000 0.000000 0.000000 0.000000 0.000000 0.000000 0.000000 0.000000 0.000000 
0.000000 0.000000 0.000000 0.000000 0.000000 0.000000 0.000000 0.000000 0.000000 0.000000 
0.000000 0.003653 0.000000 0.000000 0.000000 0.007305 0.000000 0.007305 0.021916 0.021916 
0.018263 0.040179 0.043832 0.098621 0.186284 0.270295 0.383526 0.525979 0.668431 0.989862 
1.051957 1.559672 1.559672 1.650988 1.756914 1.782483 1.665599 1.442788 1.307641 1.066568 
0.887589 0.547894 0.383526 0.292210 0.237421 0.149758 0.146105 0.131495 0.058442 0.062095 
0.058442 0.021916 0.018263 0.025568 0.010958 0.014611 0.014611 0.007305 0.010958 0.010958 

PC 2:min max interval: -1.474557 1.473085 0.042109
probability:
0.004086 0.000000 0.000000 0.000000 0.000000 0.000000 0.000000 0.004086 0.000000 0.000000 
0.000000 0.000000 0.000000 0.008172 0.004086 0.004086 0.008172 0.000000 0.016344 0.016344 
0.040860 0.053118 0.130752 0.236988 0.245160 0.408599 0.539351 0.690533 1.001068 1.242142 
1.503646 1.499560 1.728375 1.712031 1.703859 1.646656 1.540420 1.270744 1.213540 0.972467 
0.780425 0.674189 0.494405 0.371825 0.429029 0.290106 0.224730 0.281934 0.151182 0.138924 
0.089892 0.118494 0.044946 0.049032 0.028602 0.016344 0.024516 0.028602 0.024516 0.016344 
0.004086 0.004086 0.004086 0.000000 0.000000 0.000000 0.004086 0.004086 0.000000 0.000000 

PC 3:min max interval: -1.168823 1.078829 0.032109
probability:
0.005359 0.005359 0.005359 0.000000 0.010717 0.032151 0.026793 0.032151 0.096453 0.080378 
0.155397 0.128604 0.187548 0.171472 0.241133 0.300076 0.348303 0.369737 0.380454 0.428680 
0.514416 0.557284 0.584077 0.648379 0.793058 0.723398 0.648379 0.814492 0.921662 0.857360 
1.050266 1.055625 0.991323 0.985964 0.894870 0.884153 1.077059 1.103851 0.873436 0.739473 
0.803775 0.776983 0.600152 0.675171 0.643020 0.616228 0.578718 0.621586 0.439397 0.434039 
0.498341 0.412605 0.417963 0.546567 0.310793 0.348303 0.391171 0.342944 0.316152 0.396529 
0.342944 0.246491 0.214340 0.139321 0.128604 0.053585 0.042868 0.053585 0.010717 0.010717 

PC 4:min max interval: -2.201592 2.504925 0.067236
probability:
0.007677 0.007677 0.010236 0.023031 0.048621 0.069093 0.084448 0.156100 0.199603 0.212398 
0.281492 0.345467 0.386411 0.496449 0.683257 0.657667 0.670462 0.621841 0.404324 0.299405 
0.202162 0.087007 0.058857 0.020472 0.025590 0.002559 0.005118 0.002559 0.002559 0.005118 
0.012795 0.012795 0.069093 0.127951 0.199603 0.289169 0.368498 0.463182 0.460623 0.394088 
0.401765 0.383852 0.301964 0.284051 0.291728 0.312200 0.350585 0.445269 0.501567 0.550188 
0.542511 0.550188 0.450387 0.422238 0.261020 0.168895 0.094684 0.038385 0.030708 0.005118 
0.005118 0.002559 0.000000 0.000000 0.000000 0.000000 0.000000 0.000000 0.000000 0.000000 

PC 5:min max interval: -3.297442 3.103408 0.091441
probability:
0.099727 0.472290 0.444065 0.342457 0.286008 0.246494 0.229559 0.191927 0.144886 0.163702 
0.144886 0.097845 0.114780 0.107253 0.120424 0.101608 0.107253 0.097845 0.073384 0.065857 
0.035751 0.030106 0.020698 0.015053 0.011290 0.005645 0.015053 0.011290 0.018816 0.015053 
0.043278 0.079029 0.116661 0.191927 0.254020 0.299180 0.336812 0.299180 0.284126 0.282245 
0.214506 0.188163 0.167465 0.150531 0.129833 0.112898 0.095963 0.101608 0.084673 0.088437 
0.099727 0.094082 0.088437 0.077147 0.094082 0.086555 0.069620 0.062094 0.050804 0.058331 
0.077147 0.112898 0.191927 0.282245 0.402669 0.530620 0.555082 0.513686 0.131714 0.003763 

cluster: 5
PC 0:min max interval: -0.889393 0.979490 0.026698
probability:
0.008965 0.008965 0.008965 0.000000 0.044825 0.053790 0.107579 0.098614 0.098614 0.134474 
0.277913 0.233089 0.268948 0.215159 0.331703 0.349633 0.394457 0.627546 0.600651 0.654441 
0.708230 0.815810 0.726160 0.708230 1.039933 1.228197 1.111653 0.950284 1.210267 1.183372 
1.497145 1.326812 1.398531 1.344741 1.559900 1.192337 1.273022 1.228197 1.219232 1.066828 
1.030968 0.914424 0.878564 0.770985 0.708230 0.762020 0.654441 0.636511 0.537897 0.600651 
0.439282 0.340668 0.367563 0.277913 0.251018 0.304808 0.188264 0.125509 0.080684 0.071720 
0.044825 0.035860 0.044825 0.035860 0.008965 0.008965 0.000000 0.008965 0.008965 0.000000 

PC 1:min max interval: -0.921141 0.995631 0.027382
probability:
0.008741 0.000000 0.017482 0.000000 0.026223 0.008741 0.043705 0.069928 0.087410 0.078669 
0.131114 0.157337 0.157337 0.253488 0.367120 0.358379 0.480753 0.472012 0.742982 0.585645 
0.795428 0.830391 0.777946 0.996470 0.996470 1.075138 0.961506 1.153807 1.066398 1.232476 
1.407295 1.372331 1.520928 1.241217 1.249958 1.162548 1.258699 1.127584 1.162548 0.987729 
0.996470 0.821651 1.040175 0.882837 0.681795 0.777946 0.533199 0.568163 0.472012 0.375861 
0.498235 0.314675 0.288452 0.244747 0.166078 0.201042 0.201042 0.104892 0.139855 0.166078 
0.122373 0.122373 0.069928 0.096151 0.034964 0.104892 0.026223 0.017482 0.008741 0.008741 

PC 2:min max interval: -1.286906 1.271741 0.036552
probability:
0.013096 0.000000 0.000000 0.019644 0.019644 0.019644 0.006548 0.026193 0.026193 0.013096 
0.032741 0.045837 0.072030 0.078578 0.085126 0.196445 0.163704 0.189897 0.235734 0.399438 
0.471468 0.595883 0.608979 0.726846 0.753038 1.047706 0.982224 1.152476 1.001869 0.884002 
1.113187 0.929839 1.047706 0.936387 0.870905 0.923291 0.884002 0.897098 0.687557 0.667912 
0.694105 0.641720 0.582786 0.563142 0.628623 0.530401 0.438727 0.432179 0.458371 0.333956 
0.405986 0.268475 0.248830 0.340504 0.347053 0.261926 0.196445 0.235734 0.255378 0.111319 
0.176800 0.104771 0.091674 0.039289 0.058933 0.032741 0.019644 0.000000 0.026193 0.000000 

PC 3:min max interval: -1.386252 1.674380 0.043723
probability:
0.010948 0.010948 0.027371 0.032845 0.038319 0.175174 0.125906 0.224441 0.344873 0.366770 
0.448882 0.399615 0.629530 0.651426 0.607633 0.624056 0.602159 0.602159 0.536469 0.530995 
0.569314 0.448882 0.437934 0.333925 0.355821 0.377718 0.394140 0.421511 0.301079 0.268234 
0.322976 0.279183 0.240864 0.312028 0.218967 0.218967 0.235389 0.224441 0.301079 0.377718 
0.498150 0.459830 0.596685 0.651426 0.771858 0.837548 0.832074 0.771858 0.717117 0.613107 
0.591211 0.541943 0.372244 0.322976 0.191596 0.131380 0.142328 0.098535 0.027371 0.016423 
0.010948 0.016423 0.005474 0.005474 0.010948 0.000000 0.000000 0.000000 0.000000 0.000000 

PC 4:min max interval: -3.264478 3.075764 0.090575
probability:
0.121557 0.385813 0.340889 0.317106 0.277468 0.221974 0.158553 0.118915 0.108345 0.058136 
0.060779 0.026426 0.018498 0.042281 0.036996 0.029068 0.042281 0.029068 0.029068 0.044923 
0.050209 0.068706 0.042281 0.100417 0.108345 0.153268 0.161196 0.187621 0.200834 0.248400 
0.277468 0.295966 0.335604 0.354102 0.335604 0.396383 0.446591 0.332962 0.322391 0.301251 
0.235187 0.161196 0.100417 0.087204 0.076634 0.068706 0.055494 0.029068 0.029068 0.023783 
0.026426 0.021140 0.031711 0.031711 0.023783 0.042281 0.066064 0.047566 0.060779 0.087204 
0.105702 0.121557 0.203477 0.200834 0.261613 0.269540 0.325034 0.369957 0.367315 0.319749 

PC 5:min max interval: -4.961262 1.634167 0.094220
probability:
0.081290 0.190523 0.213386 0.210846 0.106693 0.129556 0.101612 0.104153 0.043185 0.045726 
0.040645 0.022863 0.025403 0.017782 0.005081 0.002540 0.002540 0.000000 0.000000 0.000000 
0.000000 0.000000 0.000000 0.000000 0.000000 0.000000 0.000000 0.000000 0.002540 0.000000 
0.000000 0.000000 0.000000 0.000000 0.000000 0.000000 0.000000 0.002540 0.002540 0.005081 
0.012702 0.007621 0.017782 0.053346 0.060967 0.068588 0.093991 0.106693 0.119395 0.137177 
0.157499 0.165120 0.190523 0.195604 0.187983 0.221007 0.342942 0.523304 0.635077 0.787496 
0.866245 0.896729 0.767173 0.790036 0.696045 0.558868 0.355643 0.139717 0.060967 0.038105 

cluster: 6
PC 0:min max interval: -1.118215 0.909420 0.028966
probability:
0.016882 0.008441 0.016882 0.008441 0.033763 0.025322 0.042204 0.042204 0.059086 0.033763 
0.042204 0.067527 0.109731 0.135053 0.109731 0.160376 0.160376 0.185698 0.244784 0.320751 
0.379837 0.320751 0.438923 0.481127 0.455805 0.531772 0.590858 0.818760 0.801878 0.886287 
0.945372 0.835642 0.987577 0.877846 1.198597 1.131071 1.156393 1.308328 1.274565 1.131071 
1.333650 1.164834 1.139511 1.283005 1.105748 1.071985 0.860964 1.038221 0.996017 0.928491 
0.894728 0.734352 0.548654 0.506450 0.464245 0.346074 0.337633 0.295429 0.211021 0.253225 
0.185698 0.092849 0.084408 0.092849 0.042204 0.016882 0.059086 0.025322 0.016882 0.008441 

PC 1:min max interval: -1.185587 1.469022 0.037923
probability:
0.006447 0.000000 0.019342 0.000000 0.012894 0.006447 0.025789 0.032236 0.045131 0.025789 
0.077367 0.096709 0.122498 0.154734 0.141839 0.199865 0.180523 0.283679 0.296573 0.386835 
0.496438 0.644725 0.715644 0.709197 0.805906 1.141163 1.192741 1.192741 1.405500 1.489314 
1.353922 1.457078 1.469972 1.257213 1.166952 0.967087 0.973534 0.857484 0.793011 0.734986 
0.522227 0.464202 0.270784 0.380388 0.270784 0.206312 0.193417 0.167628 0.161181 0.116050 
0.064472 0.038683 0.090261 0.045131 0.077367 0.058025 0.064472 0.038683 0.032236 0.032236 
0.032236 0.019342 0.019342 0.025789 0.012894 0.006447 0.006447 0.006447 0.000000 0.000000 

PC 2:min max interval: -0.889358 0.815516 0.024355
probability:
0.020078 0.010039 0.030116 0.040155 0.030116 0.050194 0.070272 0.060233 0.110427 0.080311 
0.130505 0.070272 0.170660 0.110427 0.200776 0.160621 0.261009 0.291126 0.431669 0.401553 
0.491902 0.642484 0.652523 0.662562 0.803105 0.893455 0.943649 0.853299 1.184580 1.224736 
0.993843 1.545978 1.556017 1.535939 1.485745 1.676482 1.385357 1.556017 1.656405 1.375318 
1.515861 1.375318 1.295007 1.184580 1.104270 0.933610 0.863338 0.823183 0.863338 0.772989 
0.572213 0.491902 0.441708 0.361397 0.552135 0.311203 0.230893 0.341320 0.160621 0.230893 
0.150582 0.120466 0.090349 0.100388 0.070272 0.060233 0.050194 0.070272 0.040155 0.020078 

PC 3:min max interval: -0.934376 1.184429 0.030269
probability:
0.032310 0.056543 0.056543 0.064621 0.153475 0.218096 0.258484 0.234251 0.315027 0.420036 
0.581589 0.525046 0.694676 0.807762 0.751219 0.985470 0.864306 0.985470 1.050091 1.147023 
1.017781 1.082402 0.945082 1.066246 1.009703 0.896616 0.735064 0.912772 0.815840 0.646210 
0.670443 0.557356 0.557356 0.484657 0.339260 0.323105 0.428114 0.387726 0.436192 0.347338 
0.242329 0.258484 0.371571 0.250406 0.331183 0.282717 0.234251 0.355415 0.436192 0.306950 
0.347338 0.298872 0.395804 0.339260 0.371571 0.436192 0.411959 0.339260 0.476580 0.395804 
0.420036 0.355415 0.331183 0.347338 0.242329 0.193863 0.161552 0.153475 0.080776 0.000000 

PC 4:min max interval: -2.421235 4.525766 0.099243
probability:
0.002464 0.000000 0.004927 0.012318 0.002464 0.002464 0.022173 0.019709 0.019709 0.049273 
0.081300 0.123182 0.219264 0.416355 0.736628 0.849956 1.155447 1.143129 0.978065 0.817929 
0.689819 0.421283 0.241437 0.101009 0.056664 0.044346 0.029564 0.061591 0.049273 0.054200 
0.019709 0.017245 0.024636 0.017245 0.004927 0.014782 0.002464 0.007391 0.002464 0.000000 
0.009855 0.002464 0.007391 0.017245 0.017245 0.014782 0.034491 0.024636 0.044346 0.041882 
0.039418 0.039418 0.024636 0.032027 0.024636 0.000000 0.004927 0.004927 0.014782 0.019709 
0.046809 0.096082 0.120718 0.194628 0.229119 0.189700 0.157673 0.068982 0.024636 0.009855 

PC 5:min max interval: -3.628736 4.013430 0.109174
probability:
0.022395 0.026874 0.067186 0.134372 0.282182 0.429991 0.535249 0.644987 0.515094 0.407596 
0.226193 0.129893 0.076144 0.053749 0.022395 0.026874 0.026874 0.029114 0.022395 0.026874 
0.006719 0.017916 0.004479 0.002240 0.002240 0.002240 0.006719 0.002240 0.004479 0.013437 
0.013437 0.015677 0.033593 0.069426 0.085102 0.136612 0.143330 0.181403 0.179163 0.147809 
0.055988 0.031354 0.020156 0.013437 0.015677 0.015677 0.006719 0.015677 0.040312 0.085102 
0.190361 0.315775 0.539728 0.649466 0.613633 0.709933 0.470303 0.309056 0.152289 0.055988 
0.031354 0.017916 0.011198 0.002240 0.004479 0.002240 0.002240 0.002240 0.002240 0.000000 

cluster: 7
PC 0:min max interval: -0.998176 0.764932 0.025187
probability:
0.017113 0.000000 0.051340 0.017113 0.085566 0.068453 0.136906 0.119792 0.102679 0.239585 
0.188245 0.205358 0.136906 0.188245 0.290924 0.273811 0.290924 0.256698 0.427830 0.342264 
0.547622 0.410717 0.496283 0.479170 0.684528 0.667415 0.513396 0.581849 0.530509 0.616075 
0.787207 0.718754 0.804321 1.026792 0.924113 1.146585 1.061019 1.163698 1.043905 1.078132 
1.146585 1.163698 1.112358 1.266377 1.471735 1.215037 1.078132 1.249264 0.992566 1.266377 
0.889886 1.043905 1.061019 0.804321 0.838547 0.598962 0.633188 0.427830 0.462056 0.410717 
0.410717 0.308038 0.290924 0.256698 0.222472 0.154019 0.068453 0.068453 0.017113 0.034226 

PC 1:min max interval: -0.852165 0.860387 0.024465
probability:
0.035237 0.017618 0.000000 0.070474 0.017618 0.070474 0.088092 0.070474 0.123329 0.176184 
0.105710 0.140947 0.193802 0.193802 0.229039 0.405223 0.317131 0.405223 0.440460 0.546170 
0.669499 0.581407 0.775209 0.687117 0.880920 0.863301 1.145196 1.127577 1.374235 1.145196 
1.497564 1.550419 1.797076 1.479945 1.321380 1.374235 1.708984 1.797076 1.497564 1.145196 
1.092340 1.233288 1.162814 1.039485 1.127577 0.810446 1.109959 0.634262 0.828065 0.616644 
0.599025 0.387605 0.387605 0.299513 0.193802 0.229039 0.176184 0.140947 0.193802 0.123329 
0.088092 0.070474 0.052855 0.070474 0.052855 0.052855 0.017618 0.000000 0.000000 0.000000 

PC 2:min max interval: -1.339276 1.576249 0.041650
probability:
0.031047 0.041396 0.010349 0.000000 0.010349 0.000000 0.031047 0.000000 0.020698 0.062093 
0.103489 0.155233 0.103489 0.196629 0.175931 0.269071 0.382908 0.206978 0.351862 0.372560 
0.351862 0.403606 0.548491 0.714073 0.848608 0.631282 0.755468 1.096981 0.952097 1.055586 
1.045237 1.190121 0.900352 1.221168 0.890003 1.086632 1.065934 0.817561 0.745119 0.610584 
0.610584 0.496746 0.393257 0.341513 0.362211 0.300117 0.258722 0.382908 0.165582 0.186280 
0.186280 0.144884 0.134535 0.082791 0.093140 0.082791 0.062093 0.041396 0.020698 0.062093 
0.062093 0.010349 0.010349 0.020698 0.010349 0.000000 0.010349 0.010349 0.000000 0.000000 

PC 3:min max interval: -0.888722 1.138186 0.028956
probability:
0.029772 0.059544 0.029772 0.178631 0.163745 0.238175 0.297719 0.327491 0.729411 0.416806 
0.506122 0.640095 0.535894 0.684753 0.729411 0.937814 0.580551 0.937814 0.818726 0.967586 
1.071787 0.774069 0.803840 0.759183 0.893156 0.922928 0.922928 0.714525 0.684753 0.684753 
0.550780 0.654981 0.699639 0.654981 0.774069 0.669867 0.714525 0.491236 0.550780 0.788954 
0.654981 0.550780 0.610323 0.729411 0.595437 0.684753 0.431692 0.461464 0.312605 0.491236 
0.446578 0.372148 0.476350 0.327491 0.357262 0.327491 0.267947 0.342376 0.357262 0.178631 
0.238175 0.163745 0.104202 0.148859 0.104202 0.104202 0.014886 0.014886 0.029772 0.029772 

PC 4:min max interval: -2.827077 3.784311 0.094448
probability:
0.004564 0.004564 0.004564 0.009127 0.022819 0.104965 0.168857 0.209930 0.383351 0.324023 
0.365096 0.337714 0.365096 0.492880 0.415297 0.456370 0.502007 0.360533 0.305768 0.173421 
0.073019 0.059328 0.018255 0.009127 0.000000 0.000000 0.004564 0.004564 0.009127 0.022819 
0.050201 0.114093 0.232749 0.260131 0.333150 0.324023 0.269258 0.159730 0.114093 0.123220 
0.146039 0.173421 0.146039 0.095838 0.123220 0.054764 0.045637 0.091274 0.104965 0.159730 
0.168857 0.246440 0.232749 0.282950 0.191676 0.205367 0.141475 0.155166 0.109529 0.136911 
0.045637 0.050201 0.050201 0.036510 0.041073 0.018255 0.031946 0.054764 0.041073 0.009127 

PC 5:min max interval: -3.505159 2.983260 0.092692
probability:
0.051152 0.204609 0.325514 0.367365 0.497571 0.339464 0.362715 0.241810 0.167407 0.130205 
0.106954 0.083704 0.037202 0.023251 0.027901 0.018601 0.009300 0.018601 0.009300 0.009300 
0.009300 0.000000 0.000000 0.013951 0.009300 0.004650 0.000000 0.000000 0.000000 0.009300 
0.018601 0.018601 0.009300 0.009300 0.013951 0.046502 0.060453 0.097654 0.172057 0.241810 
0.297612 0.385966 0.497571 0.558023 0.609176 0.478970 0.511521 0.385966 0.320863 0.209259 
0.167407 0.088354 0.088354 0.032551 0.023251 0.041852 0.023251 0.023251 0.027901 0.097654 
0.079053 0.130205 0.209259 0.311563 0.367365 0.376666 0.306913 0.251111 0.106954 0.009300 

