Run semi-empirical minimization
 &qmmm
    qm_theory='AM1', grms_tol=0.0005,
 scfconv=1.d-10, ndiis_attempts=700,   qmcharge=0,
 /
   6    C1        6.8480        1.1810        6.1590 
   6    C2        6.3030        2.0170        7.1160 
   6    C3        6.8860        3.2730        7.3630 
   6    C4        7.9910        3.5920        6.6130 
   6    C5        8.4680        2.6490        5.6450 
   6    C6        6.3520        4.1700        8.3470 
   6    C7        7.0000        5.3880        8.5210 
   6    C8        8.1090        5.7150        7.7740 
   6    C9        8.6290        4.8460        6.8160 
   6   C10        5.1400        4.3750       10.3520 
   6   C11        4.0670        3.6830       11.1060 
   7    N1        7.9070        1.4590        5.4270 
   8    O1        5.2350        3.7910        9.0820 
   8    O3        3.3270        4.2970       11.8520 
   7    N2        3.9550        2.3840       10.8930 
   6   C26        3.0280        1.6030       11.6960 
   6   C12        1.9440        1.0010       10.8350 
  16    S1        0.6680        0.4350       11.9930 
   6   C27       -0.1580        2.0560       12.1600 
   6   C13        3.7830        0.5420       12.4570 
   8    O6        3.7580       -0.6290       12.1110 
   6   C17        5.3390       -1.3860       16.3300 
   7    N3        4.4960        0.9820       13.4920 
   8    O4        6.3240       -1.2340       17.0450 
   6   C15        4.7050       -0.1800       15.6420 
   6   C28        7.3720        0.9000       12.9760 
   6   C16        6.7750        0.6540       14.3470 
   6   C31        8.4650        1.3190       10.4460 
   6   C14        5.3500        0.0820       14.2740 
   8    O2        4.9490        0.9340       16.4270 
   6   C29        7.4010        2.1660       12.4260 
   6   C33        7.8990       -0.1460       12.2450 
   6   C30        7.9490        2.3680       11.1710 
   6   C32        8.4370        0.0660       10.9930 
   7    N4        4.7420       -2.5650       16.0640 
   6   C20        3.5440       -2.6640       15.2240 
   6   C18        5.3730       -3.8190       16.5060 
   6   C19        4.4270       -4.9930       16.2580 
  16    S2        3.2630       -4.4400       14.9730 
   6   C21        6.6530       -3.9790       15.7410 
   8    O5        6.7460       -3.5740       14.5880 
   7    N5        7.6370       -4.5750       16.4030 
   6   C22        9.0130       -4.6390       15.8920 
   6   C23        9.5560       -3.2490       15.5420 
   6   C24        9.0970       -5.5670       14.6780 
   6   C25        9.8800       -5.1830       17.0210 
   1    H1        6.3830        0.2160        6.0010 
   1    H2        5.4620        1.7630        7.7090 
   1    H5        9.3360        2.9140        5.0590 
   1    H7        6.6440        6.0890        9.2580 
   1    H8        8.6070        6.6600        7.9340 
   1    H9        9.5090        5.1250        6.2510 
   1  H101        4.9080        5.4400       10.2800 
   1  H102        6.0650        4.2720       10.9200 
   1   HN2        4.5420        1.9150       10.2370 
   1   H26        2.5370        2.2260       12.4440 
   1  H121        2.3020        0.1560       10.2490 
   1  H122        1.5120        1.7280       10.1470 
   1  H271       -0.9880        1.9690       12.8550 
   1  H272       -0.5410        2.3770       11.1910 
   1  H273        0.5380        2.8110       12.5230 
   1   HN3        4.4760        1.9510       13.7500 
   1   H15        3.6200       -0.2630       15.5740 
   1  H161        7.4370       -0.0070       14.9100 
   1  H162        6.7590        1.5900       14.9110 
   1   H31        8.8870        1.4780        9.4630 
   1   H14        5.4270       -0.8780       13.7600 
   1   HO2        5.8770        0.7830       16.6640 
   1   H29        6.9930        3.0000       12.9840 
   1   H33        7.8840       -1.1380       12.6750 
   1   H30        7.9750        3.3650       10.7580 
   1   H32        8.8490       -0.7620       10.4350 
   1  H201        2.6870       -2.2030       15.7120 
   1  H202        3.7050       -2.1860       14.2570 
   1   H18        5.5970       -3.7540       17.5730 
   1  H191        3.8610       -5.2070       17.1640 
   1  H192        4.9340       -5.9150       15.9680 
   1   HN5        7.4410       -4.9320       17.3200 
   1  H231       10.6090       -3.2990       15.2650 
   1  H232        9.4700       -2.5590       16.3820 
   1  H233        9.0370       -2.7940       14.6990 
   1  H241       10.1130       -5.6140       14.2890 
   1  H242        8.4540       -5.2410       13.8640 
   1  H243        8.7950       -6.5820       14.9380 
   1  H251       10.8970       -5.3850       16.6790 
   1  H252        9.4870       -6.1170       17.4210 
   1  H253        9.9560       -4.4740       17.8460 

