Probability Density Function:

cluster: 0
PC 0:min max interval: -0.917838 1.034166 0.027886
probability:
0.005192 0.005192 0.025960 0.031152 0.025960 0.062303 0.051919 0.077879 0.041535 0.072687 
0.145374 0.098646 0.077879 0.150566 0.186909 0.155758 0.207677 0.306323 0.275172 0.410162 
0.321899 0.462081 0.716485 0.732061 0.991657 1.069535 1.292788 1.126646 1.303172 1.490081 
1.656222 1.734101 1.952162 1.806788 2.014465 1.910626 1.765252 1.567960 1.479697 1.370667 
1.230485 1.079919 0.918970 0.742444 0.550343 0.420545 0.363434 0.269980 0.218061 0.264788 
0.124606 0.129798 0.093455 0.067495 0.057111 0.031152 0.041535 0.015576 0.005192 0.015576 
0.020768 0.010384 0.000000 0.000000 0.005192 0.000000 0.000000 0.000000 0.000000 0.000000 

PC 1:min max interval: -0.564020 0.884754 0.020697
probability:
0.006995 0.013991 0.020986 0.013991 0.048967 0.048967 0.034977 0.111925 0.174883 0.272818 
0.314790 0.356762 0.461692 0.622584 0.678547 0.790472 1.091271 1.021318 1.238173 1.622916 
1.769818 1.608925 2.161556 2.350430 2.140570 2.427379 2.707192 2.427379 2.441369 2.434374 
2.168552 1.930710 1.811790 1.580944 1.524981 1.448033 0.986341 0.944369 0.846435 0.727514 
0.524650 0.447701 0.307794 0.412724 0.244836 0.188874 0.111925 0.076949 0.090939 0.090939 
0.069953 0.062958 0.041972 0.055963 0.020986 0.041972 0.027981 0.013991 0.013991 0.013991 
0.006995 0.020986 0.013991 0.000000 0.006995 0.006995 0.000000 0.000000 0.006995 0.000000 

PC 2:min max interval: -0.941643 1.024286 0.028085
probability:
0.005155 0.010310 0.005155 0.046396 0.030931 0.056707 0.072172 0.149499 0.195895 0.164965 
0.242292 0.273223 0.355705 0.350550 0.494894 0.572221 0.603152 0.706255 0.711410 0.866064 
0.891840 0.938236 1.000098 0.840288 0.917615 1.072270 0.891840 0.933081 0.994943 1.046494 
1.010408 0.964012 0.804202 0.907305 0.922771 0.871219 0.809357 0.768116 0.943391 0.783582 
0.788737 0.659858 0.747496 0.793892 0.587686 0.582531 0.670169 0.654703 0.695944 0.628927 
0.546445 0.561911 0.412411 0.438187 0.438187 0.335084 0.283533 0.262912 0.278378 0.257757 
0.195895 0.175275 0.134034 0.061862 0.077327 0.051551 0.030931 0.020621 0.005155 0.000000 

PC 3:min max interval: -1.738587 1.524474 0.046615
probability:
0.003106 0.000000 0.000000 0.003106 0.000000 0.003106 0.000000 0.000000 0.003106 0.000000 
0.003106 0.003106 0.006212 0.003106 0.003106 0.012423 0.009318 0.009318 0.009318 0.006212 
0.012423 0.006212 0.031059 0.034165 0.024847 0.108705 0.114917 0.170823 0.232940 0.413081 
0.658445 0.860326 1.133643 1.397642 1.528088 1.580888 1.779664 1.782770 1.938063 1.636794 
1.394536 1.136749 0.984561 0.739197 0.587010 0.323011 0.239152 0.170823 0.068329 0.065223 
0.049694 0.037270 0.024847 0.012423 0.018635 0.009318 0.006212 0.024847 0.006212 0.012423 
0.003106 0.003106 0.003106 0.003106 0.003106 0.000000 0.000000 0.000000 0.000000 0.000000 

PC 4:min max interval: -1.783738 4.369556 0.087904
probability:
0.001647 0.000000 0.000000 0.000000 0.001647 0.000000 0.000000 0.001647 0.016470 0.016470 
0.026352 0.049411 0.100469 0.151527 0.258583 0.365640 0.663752 0.874572 1.495501 2.062079 
1.963257 1.375268 0.882807 0.405169 0.179526 0.082351 0.041176 0.036235 0.031294 0.026352 
0.019764 0.013176 0.018117 0.001647 0.004941 0.006588 0.000000 0.003294 0.000000 0.000000 
0.001647 0.001647 0.000000 0.000000 0.000000 0.001647 0.000000 0.000000 0.000000 0.001647 
0.000000 0.000000 0.000000 0.003294 0.013176 0.049411 0.052705 0.052705 0.014823 0.003294 
0.000000 0.000000 0.000000 0.000000 0.000000 0.000000 0.000000 0.001647 0.000000 0.000000 

PC 5:min max interval: -3.250214 2.782450 0.086181
probability:
0.003360 0.005040 0.005040 0.005040 0.013440 0.095758 0.174716 0.280554 0.369592 0.514068 
0.551028 0.581267 0.571187 0.539268 0.406551 0.292313 0.157916 0.090718 0.031919 0.026879 
0.010080 0.015120 0.008400 0.005040 0.001680 0.001680 0.000000 0.000000 0.000000 0.001680 
0.000000 0.001680 0.000000 0.000000 0.000000 0.000000 0.000000 0.000000 0.000000 0.000000 
0.000000 0.000000 0.000000 0.000000 0.000000 0.000000 0.000000 0.003360 0.011760 0.047039 
0.117597 0.351112 0.569507 0.868540 1.071816 0.996218 0.918939 0.658545 0.384711 0.230155 
0.171356 0.080638 0.068878 0.043679 0.035279 0.058799 0.075598 0.060479 0.010080 0.006720 

cluster: 1
PC 0:min max interval: -0.769539 0.470090 0.017709
probability:
0.024301 0.000000 0.000000 0.000000 0.000000 0.000000 0.008100 0.024301 0.016201 0.032402 
0.032402 0.048603 0.040502 0.064804 0.081005 0.056703 0.129608 0.129608 0.113407 0.226814 
0.267316 0.259216 0.437426 0.396924 0.477929 0.542733 0.550833 0.599436 0.777647 0.891054 
0.996360 1.101667 1.417586 1.328480 1.498591 1.530993 1.887414 1.765907 1.668701 1.660600 
1.782108 1.798309 2.292439 1.952218 1.968419 1.944118 1.855012 1.790208 1.733505 1.749706 
1.587696 1.555294 1.506691 1.563395 1.360882 1.028762 1.247475 1.093566 0.972059 0.947757 
0.980159 0.745245 0.777647 0.453627 0.356422 0.121507 0.113407 0.056703 0.016201 0.024301 

PC 1:min max interval: -1.030385 0.505347 0.021939
probability:
0.006539 0.000000 0.000000 0.000000 0.000000 0.000000 0.000000 0.006539 0.000000 0.000000 
0.013077 0.006539 0.006539 0.013077 0.026155 0.026155 0.052309 0.019616 0.013077 0.052309 
0.058848 0.078464 0.039232 0.052309 0.078464 0.117695 0.104618 0.111157 0.150389 0.170005 
0.248468 0.294239 0.307316 0.510014 0.595016 0.621171 0.751943 0.784637 1.065798 1.216187 
1.399269 1.536580 1.811203 1.824280 2.255830 2.438912 2.504298 2.445451 2.432374 2.334294 
2.641610 2.216598 2.281985 1.850435 1.706585 1.549657 1.229264 0.928487 0.797714 0.516552 
0.392318 0.366164 0.235391 0.117695 0.058848 0.065386 0.026155 0.006539 0.000000 0.006539 

PC 2:min max interval: -0.982196 0.980862 0.028044
probability:
0.005115 0.005115 0.005115 0.015346 0.015346 0.030692 0.056268 0.025576 0.076729 0.081845 
0.056268 0.112536 0.122767 0.127882 0.209727 0.138113 0.209727 0.265995 0.317148 0.368300 
0.445030 0.480837 0.695679 0.634295 0.757062 0.777523 0.925866 0.905405 1.115132 1.258360 
1.186746 1.248129 1.549931 1.432279 1.483432 1.585738 1.606199 1.514124 1.524354 1.529470 
1.391357 1.227668 1.196976 1.028172 0.905405 0.838907 0.746831 0.557566 0.516644 0.465491 
0.383646 0.368300 0.225072 0.209727 0.138113 0.143228 0.107421 0.056268 0.035807 0.051153 
0.015346 0.025576 0.046038 0.020461 0.025576 0.010231 0.005115 0.005115 0.000000 0.005115 

PC 3:min max interval: -2.661513 3.518629 0.088288
probability:
0.001625 0.003250 0.003250 0.004874 0.008124 0.006499 0.006499 0.008124 0.012999 0.009749 
0.014623 0.014623 0.030872 0.032496 0.034121 0.058493 0.058493 0.071492 0.102363 0.141359 
0.229099 0.295717 0.350960 0.450074 0.500444 0.659676 0.671049 0.698671 0.784787 0.830281 
0.789661 0.705171 0.599557 0.459823 0.433826 0.323339 0.264845 0.259971 0.190104 0.224225 
0.206352 0.167356 0.118612 0.116987 0.060118 0.047120 0.025997 0.024372 0.019498 0.006499 
0.014623 0.001625 0.003250 0.000000 0.006499 0.000000 0.000000 0.001625 0.000000 0.001625 
0.006499 0.003250 0.012999 0.011374 0.021123 0.025997 0.027622 0.025997 0.012999 0.009749 

PC 4:min max interval: -1.772091 3.434230 0.074376
probability:
0.007715 0.013501 0.067506 0.125368 0.219876 0.347172 0.472540 0.599836 0.594050 0.621052 
0.661555 0.628767 0.514972 0.528473 0.459038 0.349101 0.310526 0.277737 0.225662 0.237234 
0.235305 0.244949 0.206374 0.229519 0.260379 0.241092 0.241092 0.250735 0.179372 0.142726 
0.175515 0.148512 0.150441 0.140797 0.160085 0.146584 0.111866 0.111866 0.106080 0.115724 
0.088722 0.086793 0.081007 0.084864 0.073292 0.081007 0.088722 0.063648 0.061719 0.082936 
0.111866 0.111866 0.144655 0.127296 0.138869 0.146584 0.198659 0.140797 0.144655 0.148512 
0.136940 0.081007 0.069434 0.042432 0.013501 0.015430 0.009644 0.003857 0.000000 0.003857 

PC 5:min max interval: -3.227529 3.411956 0.094850
probability:
0.016636 0.124017 0.358440 0.665459 0.617062 0.518755 0.319118 0.219299 0.160315 0.117968 
0.092257 0.058984 0.049909 0.036298 0.045372 0.019661 0.027223 0.043860 0.039323 0.028736 
0.040835 0.028736 0.049909 0.036298 0.043860 0.033273 0.045372 0.025711 0.043860 0.037810 
0.043860 0.027223 0.031761 0.043860 0.051422 0.049909 0.071083 0.071083 0.095282 0.139141 
0.172414 0.210225 0.287357 0.358440 0.405325 0.310043 0.372052 0.293407 0.285845 0.205687 
0.234423 0.234423 0.257109 0.199638 0.195100 0.217787 0.190563 0.219299 0.319118 0.364490 
0.291894 0.167877 0.075620 0.036298 0.024199 0.021174 0.012099 0.007562 0.001512 0.001512 

cluster: 2
PC 0:min max interval: -0.957976 0.671879 0.023284
probability:
0.006304 0.018912 0.000000 0.012608 0.025216 0.018912 0.012608 0.025216 0.025216 0.025216 
0.018912 0.025216 0.031520 0.050431 0.044127 0.113471 0.088255 0.132382 0.144990 0.195421 
0.119774 0.195421 0.277372 0.252157 0.371931 0.460186 0.542137 0.567353 0.605176 0.674519 
0.769078 0.844725 1.115794 1.210352 1.222960 1.367950 1.538156 1.695754 1.720970 1.727274 
1.916391 1.834440 1.922695 1.790313 1.853352 1.928999 1.664235 1.594891 1.506637 1.424686 
1.197745 1.071666 0.958196 0.693431 0.668215 0.548441 0.573657 0.409755 0.239549 0.239549 
0.195421 0.081951 0.081951 0.069343 0.056735 0.050431 0.037824 0.006304 0.031520 0.000000 

PC 1:min max interval: -1.003170 1.047586 0.029297
probability:
0.005010 0.000000 0.015030 0.005010 0.000000 0.000000 0.035071 0.050101 0.065131 0.085172 
0.080161 0.110222 0.130262 0.160323 0.210424 0.260525 0.315636 0.325656 0.475959 0.516039 
0.465939 0.746504 0.676362 0.846705 0.896806 0.901816 0.991998 1.027069 1.202422 1.117250 
1.317654 1.277573 1.267553 1.367755 1.432886 1.142301 1.277573 1.232483 1.222462 1.227472 
1.042099 1.067150 0.946907 0.746504 0.721453 0.726463 0.586181 0.511029 0.536080 0.440888 
0.395797 0.335676 0.260525 0.265535 0.220444 0.150303 0.120242 0.125252 0.110222 0.070141 
0.090182 0.045091 0.030061 0.030061 0.025050 0.025050 0.000000 0.015030 0.000000 0.005010 

PC 2:min max interval: -1.095836 0.887132 0.028328
probability:
0.005181 0.015544 0.000000 0.031088 0.036270 0.015544 0.062176 0.062176 0.098446 0.124353 
0.160622 0.145078 0.139897 0.217617 0.212436 0.191710 0.284975 0.341970 0.326426 0.336788 
0.336788 0.409327 0.445597 0.476685 0.466322 0.606219 0.694302 0.704665 0.673577 0.880831 
0.844562 0.937826 0.911919 0.953370 1.046635 1.072541 1.000003 1.170987 1.119174 1.098448 
1.056997 1.103630 1.046635 1.196894 1.160625 1.025909 0.886013 0.886013 0.730572 0.792748 
0.751297 0.683940 0.689121 0.595856 0.611400 0.450778 0.497411 0.450778 0.357514 0.347151 
0.233161 0.269431 0.217617 0.170985 0.129534 0.098446 0.098446 0.062176 0.015544 0.020725 

PC 3:min max interval: -3.121778 3.298841 0.091723
probability:
0.334448 0.481670 0.465667 0.398458 0.321647 0.262438 0.203229 0.174425 0.113616 0.083212 
0.054408 0.054408 0.046407 0.046407 0.041606 0.020803 0.041606 0.020803 0.024003 0.054408 
0.038406 0.035205 0.043206 0.068810 0.083212 0.102415 0.118417 0.150422 0.163224 0.145621 
0.198429 0.219232 0.294443 0.320046 0.328047 0.387256 0.329648 0.299243 0.291242 0.248036 
0.177626 0.137620 0.088013 0.118417 0.067210 0.054408 0.040006 0.032005 0.027204 0.038406 
0.028804 0.022403 0.022403 0.027204 0.027204 0.044806 0.056008 0.068810 0.099214 0.088013 
0.129619 0.174425 0.184027 0.198429 0.257637 0.286441 0.449665 0.446465 0.369653 0.030404 

PC 4:min max interval: -2.350883 2.037608 0.062693
probability:
0.009365 0.011706 0.021071 0.025754 0.032777 0.032777 0.053848 0.037460 0.046825 0.046825 
0.065554 0.037460 0.049166 0.046825 0.044483 0.070237 0.074919 0.131109 0.112379 0.093649 
0.095990 0.138133 0.095990 0.077261 0.081943 0.128768 0.154521 0.170910 0.224758 0.318407 
0.423763 0.538483 0.678957 0.721099 0.711734 0.781971 0.711734 0.866256 0.866256 0.877962 
0.887327 0.796019 0.753877 0.629791 0.489317 0.398009 0.299678 0.238806 0.203687 0.142815 
0.103014 0.093649 0.084284 0.074919 0.124085 0.084284 0.128768 0.117062 0.110038 0.091308 
0.079602 0.084284 0.070237 0.067896 0.021071 0.032777 0.018730 0.009365 0.002341 0.002341 

PC 5:min max interval: -3.067175 3.652576 0.095996
probability:
0.012232 0.010703 0.025993 0.022935 0.036696 0.038225 0.053515 0.126907 0.186538 0.325676 
0.412829 0.487750 0.441880 0.386836 0.337908 0.270632 0.233936 0.212530 0.128436 0.084095 
0.091740 0.077979 0.074921 0.067276 0.056573 0.036696 0.051986 0.047399 0.048928 0.050457 
0.048928 0.055044 0.051986 0.056573 0.085624 0.087153 0.091740 0.081037 0.120791 0.149842 
0.235465 0.316502 0.374604 0.584077 0.555026 0.622302 0.561142 0.486221 0.385307 0.284393 
0.166661 0.079508 0.064218 0.056573 0.056573 0.038225 0.025993 0.032109 0.035167 0.015290 
0.027522 0.013761 0.029051 0.029051 0.018348 0.013761 0.013761 0.007645 0.010703 0.007645 

cluster: 3
PC 0:min max interval: -0.751770 0.707312 0.020844
probability:
0.022177 0.007392 0.014784 0.022177 0.014784 0.029569 0.059138 0.022177 0.029569 0.088706 
0.110883 0.125667 0.162628 0.162628 0.177413 0.192197 0.251335 0.251335 0.377002 0.510062 
0.613552 0.561807 0.739220 0.887064 0.894456 1.108830 1.167967 1.293635 1.471047 1.352772 
1.500616 1.692813 1.833265 1.759343 1.862834 1.951540 2.062423 1.944148 1.958932 1.774127 
1.744559 1.737166 1.515401 1.463655 1.574538 1.227105 1.293635 1.027515 1.064476 0.709651 
0.687474 0.473101 0.502669 0.473101 0.310472 0.303080 0.177413 0.155236 0.103491 0.066530 
0.110883 0.051745 0.044353 0.014784 0.029569 0.014784 0.000000 0.000000 0.014784 0.014784 

PC 1:min max interval: -0.723842 0.483821 0.017252
probability:
0.008931 0.000000 0.008931 0.000000 0.008931 0.000000 0.000000 0.008931 0.017862 0.008931 
0.017862 0.008931 0.000000 0.044656 0.053587 0.017862 0.062518 0.044656 0.071449 0.089312 
0.125036 0.151830 0.187554 0.223279 0.384039 0.500144 0.544800 0.651974 0.643043 0.821666 
0.955633 1.312879 1.455778 1.402191 1.643332 1.625469 2.295306 2.170269 2.590034 2.223856 
2.840106 2.706139 3.295594 3.161627 2.831175 2.554309 2.179201 2.295306 2.054165 1.902335 
1.687987 1.589745 1.268223 0.991358 0.866322 0.919908 0.651974 0.455489 0.392971 0.223279 
0.205416 0.151830 0.098243 0.080380 0.035725 0.053587 0.026793 0.017862 0.035725 0.000000 

PC 2:min max interval: -1.053122 0.980814 0.029056
probability:
0.005303 0.010606 0.021212 0.031818 0.047726 0.047726 0.068938 0.090150 0.079544 0.180300 
0.169694 0.296964 0.185603 0.254541 0.339388 0.296964 0.392417 0.387114 0.514384 0.546202 
0.551505 0.668169 0.684078 0.864378 0.779531 0.843166 0.779531 0.901498 0.806046 0.890893 
0.933316 0.938619 1.065889 0.981042 0.959831 0.763622 1.065889 0.922710 0.917407 0.843166 
0.800743 0.890893 0.731805 0.768925 0.806046 0.699987 0.694684 0.652261 0.668169 0.668169 
0.567414 0.556808 0.562111 0.562111 0.482567 0.323479 0.365902 0.376508 0.349994 0.302267 
0.281055 0.222723 0.190906 0.169694 0.159088 0.174997 0.137876 0.063635 0.047726 0.005303 

PC 3:min max interval: -1.294059 1.070394 0.033778
probability:
0.004562 0.004562 0.000000 0.009123 0.004562 0.009123 0.000000 0.000000 0.009123 0.018247 
0.013685 0.031932 0.022808 0.013685 0.022808 0.027370 0.086671 0.091233 0.123165 0.059302 
0.187028 0.237206 0.310193 0.278261 0.346686 0.410549 0.492659 0.524591 0.702495 0.807413 
0.857592 0.953386 1.117606 1.263579 1.281826 1.281826 1.459731 1.537279 1.363936 1.386744 
1.245333 1.135853 1.208839 1.204278 1.026373 0.916893 0.862153 0.798290 0.656879 0.478974 
0.501782 0.442481 0.355809 0.319316 0.241768 0.177905 0.155096 0.118603 0.054740 0.086671 
0.027370 0.072987 0.041055 0.027370 0.013685 0.027370 0.018247 0.009123 0.022808 0.000000 

PC 4:min max interval: -2.518091 3.787488 0.090080
probability:
0.911708 1.144338 1.057102 0.721840 0.367762 0.155657 0.061579 0.022237 0.005132 0.003421 
0.003421 0.005132 0.000000 0.000000 0.000000 0.001711 0.000000 0.000000 0.000000 0.001711 
0.001711 0.001711 0.000000 0.000000 0.000000 0.006842 0.003421 0.008553 0.015395 0.023947 
0.066710 0.109473 0.172763 0.239473 0.494341 0.738945 0.848418 0.839866 0.557630 0.374604 
0.174473 0.083816 0.035921 0.010263 0.008553 0.003421 0.001711 0.000000 0.000000 0.000000 
0.001711 0.000000 0.000000 0.000000 0.000000 0.000000 0.000000 0.001711 0.000000 0.005132 
0.001711 0.008553 0.013684 0.011974 0.034210 0.087237 0.160789 0.290789 0.564472 0.632893 

PC 5:min max interval: -5.461176 0.852858 0.090200
probability:
0.199863 0.092244 0.010249 0.011958 0.003416 0.000000 0.000000 0.000000 0.000000 0.001708 
0.000000 0.000000 0.000000 0.001708 0.001708 0.003416 0.000000 0.000000 0.000000 0.000000 
0.000000 0.000000 0.000000 0.000000 0.000000 0.000000 0.000000 0.000000 0.000000 0.000000 
0.000000 0.000000 0.000000 0.000000 0.000000 0.000000 0.000000 0.001708 0.000000 0.000000 
0.000000 0.001708 0.003416 0.003416 0.000000 0.000000 0.000000 0.000000 0.005125 0.003416 
0.005125 0.008541 0.017082 0.027332 0.107619 0.363853 0.553467 0.809701 1.158180 1.402457 
1.156472 0.468055 0.136658 0.073454 0.167407 0.497095 1.057395 1.347794 0.949776 0.432182 

cluster: 4
PC 0:min max interval: -0.776717 0.991341 0.025258
probability:
0.006812 0.006812 0.020436 0.006812 0.000000 0.013624 0.020436 0.068120 0.088556 0.095368 
0.095368 0.177113 0.177113 0.333789 0.395097 0.381473 0.660766 0.715262 0.919623 0.980931 
1.049051 1.267036 1.294284 1.512268 1.641697 1.450960 1.723441 1.846057 1.648509 1.716629 
1.703005 1.675757 1.437336 1.553140 1.423712 1.164855 1.062675 0.960495 0.994555 0.810630 
0.613082 0.633518 0.579022 0.531337 0.374661 0.415533 0.401909 0.340601 0.272481 0.272481 
0.286105 0.217985 0.238421 0.231609 0.156676 0.177113 0.115804 0.122616 0.108992 0.088556 
0.074932 0.054496 0.047684 0.034060 0.047684 0.006812 0.027248 0.000000 0.013624 0.000000 

PC 1:min max interval: -1.036046 0.571121 0.022960
probability:
0.014988 0.000000 0.000000 0.000000 0.000000 0.000000 0.000000 0.014988 0.000000 0.014988 
0.014988 0.014988 0.029976 0.037470 0.014988 0.044964 0.074940 0.037470 0.037470 0.119903 
0.082434 0.134891 0.187349 0.089928 0.119903 0.202337 0.254795 0.299758 0.224819 0.487107 
0.584529 0.509589 0.502095 0.756890 0.891781 1.011685 0.906769 1.139082 1.199034 1.393877 
1.341419 1.686141 2.120791 1.708623 1.843514 2.120791 1.993394 1.828526 1.783563 1.925948 
1.821033 1.701129 1.813539 1.521274 1.326431 1.146576 0.891781 0.711926 0.614505 0.569541 
0.389686 0.389686 0.307252 0.164867 0.082434 0.134891 0.074940 0.037470 0.037470 0.007494 

PC 2:min max interval: -1.044858 1.049031 0.029913
probability:
0.017256 0.005752 0.000000 0.023008 0.080528 0.046016 0.069024 0.109288 0.184064 0.149552 
0.241584 0.322112 0.287600 0.293352 0.345120 0.391136 0.477416 0.517680 0.626968 0.603960 
0.540688 0.672984 0.793776 0.891560 0.857048 0.966336 0.908816 0.880056 1.173408 0.920320 
1.069872 1.029608 0.880056 0.954832 0.937576 0.713248 0.839792 0.914568 0.770768 0.788024 
0.678736 0.575200 0.644224 0.649976 0.477416 0.437152 0.557944 0.494672 0.523432 0.460160 
0.396888 0.402640 0.465912 0.339368 0.402640 0.460160 0.327864 0.339368 0.339368 0.391136 
0.327864 0.327864 0.293352 0.247336 0.241584 0.132296 0.092032 0.046016 0.028760 0.028760 

PC 3:min max interval: -1.839109 2.511263 0.062148
probability:
0.002769 0.000000 0.000000 0.000000 0.000000 0.000000 0.000000 0.000000 0.000000 0.002769 
0.002769 0.002769 0.002769 0.008306 0.016611 0.016611 0.038759 0.027685 0.024917 0.083055 
0.091361 0.157805 0.218712 0.387591 0.719812 0.902534 1.212607 1.351033 1.641726 1.752466 
1.688791 1.589124 1.265209 1.002200 0.714275 0.448499 0.276851 0.113509 0.107972 0.060907 
0.041528 0.033222 0.011074 0.024917 0.019380 0.008306 0.005537 0.005537 0.002769 0.000000 
0.000000 0.002769 0.000000 0.000000 0.000000 0.000000 0.000000 0.000000 0.000000 0.000000 
0.000000 0.000000 0.000000 0.000000 0.000000 0.000000 0.000000 0.000000 0.000000 0.000000 

PC 4:min max interval: -2.164469 2.536631 0.067159
probability:
0.007686 0.007686 0.012810 0.023058 0.056363 0.089669 0.087107 0.174214 0.197271 0.256196 
0.327931 0.368923 0.491897 0.586690 0.678920 0.725036 0.622557 0.532888 0.343303 0.240825 
0.112726 0.058925 0.033306 0.025620 0.005124 0.007686 0.002562 0.000000 0.005124 0.005124 
0.017934 0.046115 0.099917 0.184461 0.230577 0.356113 0.443220 0.471401 0.399666 0.353551 
0.394542 0.325369 0.274130 0.307436 0.281816 0.345865 0.407352 0.420162 0.563632 0.553384 
0.538012 0.514955 0.415038 0.379171 0.210081 0.140908 0.056363 0.043553 0.012810 0.010248 
0.000000 0.002562 0.000000 0.000000 0.000000 0.000000 0.000000 0.000000 0.000000 0.000000 

PC 5:min max interval: -3.284994 3.098309 0.091190
probability:
0.162265 0.469814 0.441512 0.335851 0.260379 0.245285 0.222643 0.188680 0.147171 0.147171 
0.145284 0.105661 0.120756 0.124529 0.118869 0.098114 0.109435 0.094340 0.071699 0.052831 
0.035849 0.033962 0.020755 0.013208 0.009434 0.005660 0.016981 0.009434 0.020755 0.018868 
0.041510 0.088680 0.132076 0.188680 0.266039 0.283021 0.335851 0.300002 0.271700 0.275474 
0.205662 0.205662 0.147171 0.154718 0.130190 0.120756 0.090567 0.098114 0.096227 0.083019 
0.090567 0.098114 0.103774 0.075472 0.090567 0.092453 0.064151 0.052831 0.056604 0.062265 
0.088680 0.105661 0.200001 0.275474 0.413210 0.516985 0.533966 0.516985 0.160378 0.003774 

cluster: 5
PC 0:min max interval: -0.891713 0.974800 0.026664
probability:
0.008976 0.008976 0.008976 0.000000 0.035905 0.062834 0.107716 0.080787 0.107716 0.116692 
0.251337 0.296219 0.224408 0.215432 0.332124 0.377006 0.305195 0.619367 0.637319 0.628343 
0.682201 0.807869 0.718106 0.771964 1.005349 1.184875 1.122041 0.996372 1.148970 1.247709 
1.283615 1.481094 1.400307 1.382354 1.436212 1.355425 1.247709 1.211804 1.131017 1.211804 
1.032278 0.861727 0.951491 0.718106 0.655272 0.834798 0.673225 0.646296 0.511651 0.628343 
0.439840 0.368029 0.359053 0.314171 0.215432 0.314171 0.233384 0.125669 0.071811 0.071811 
0.053858 0.026929 0.053858 0.035905 0.008976 0.017953 0.000000 0.008976 0.000000 0.008976 

PC 1:min max interval: -0.931857 1.009933 0.027740
probability:
0.008628 0.008628 0.008628 0.000000 0.000000 0.034513 0.094912 0.043142 0.077655 0.077655 
0.146682 0.120797 0.189824 0.215709 0.310620 0.345134 0.405532 0.560842 0.560842 0.690267 
0.716152 0.897348 0.811064 0.914604 0.983631 1.121684 1.095799 1.104428 1.104428 1.207968 
1.104428 1.518588 1.371906 1.328765 1.389163 1.199340 1.225224 1.233853 1.078543 1.000888 
0.880091 1.000888 0.923233 0.621241 0.793807 0.612612 0.664382 0.509072 0.578099 0.474559 
0.301992 0.250222 0.345134 0.207080 0.232965 0.120797 0.224337 0.189824 0.120797 0.112168 
0.120797 0.086283 0.077655 0.112168 0.025885 0.043142 0.060398 0.017257 0.017257 0.008628 

PC 2:min max interval: -0.981922 1.095154 0.029673
probability:
0.008066 0.024199 0.008066 0.008066 0.024199 0.064531 0.088730 0.120995 0.145194 0.233924 
0.306521 0.346853 0.548512 0.548512 0.709839 0.766303 0.669507 1.000228 1.056692 1.113157 
1.016360 1.000228 1.016360 1.129289 0.838901 1.056692 0.959896 1.064758 0.927630 0.629175 
0.645308 0.709839 0.564645 0.604976 0.580777 0.693706 0.604976 0.371052 0.459782 0.483981 
0.459782 0.282322 0.459782 0.274256 0.459782 0.387185 0.475915 0.338787 0.395251 0.338787 
0.475915 0.500114 0.419450 0.467848 0.540446 0.379119 0.451716 0.419450 0.403318 0.395251 
0.298455 0.403318 0.451716 0.298455 0.274256 0.129062 0.193592 0.104863 0.024199 0.040332 

PC 3:min max interval: -3.080108 3.260267 0.090577
probability:
0.309172 0.367307 0.375235 0.303887 0.280105 0.264250 0.216685 0.174405 0.140052 0.108342 
0.092487 0.058135 0.052850 0.060777 0.044922 0.026425 0.034352 0.029067 0.021140 0.026425 
0.023782 0.029067 0.031710 0.052850 0.068705 0.079275 0.089845 0.097772 0.161192 0.243110 
0.288032 0.327670 0.356737 0.420157 0.391090 0.332955 0.340882 0.327670 0.290675 0.266892 
0.203472 0.235182 0.177047 0.182332 0.142695 0.134767 0.108342 0.055492 0.050207 0.076632 
0.039637 0.031710 0.031710 0.039637 0.031710 0.036995 0.042280 0.018497 0.026425 0.060777 
0.058135 0.105700 0.124197 0.166477 0.221970 0.266892 0.322385 0.348810 0.369950 0.121555 

PC 4:min max interval: -4.950706 1.601740 0.093606
probability:
0.061367 0.173874 0.204558 0.194330 0.155975 0.107393 0.120178 0.099722 0.053696 0.056253 
0.048582 0.028127 0.028127 0.010228 0.005114 0.002557 0.000000 0.002557 0.000000 0.000000 
0.000000 0.000000 0.000000 0.000000 0.000000 0.000000 0.000000 0.000000 0.000000 0.002557 
0.000000 0.000000 0.000000 0.000000 0.000000 0.000000 0.000000 0.002557 0.002557 0.002557 
0.012785 0.017899 0.025570 0.046026 0.040912 0.079266 0.074152 0.074152 0.099722 0.109950 
0.145747 0.181545 0.168760 0.225014 0.219900 0.232685 0.350305 0.498610 0.705725 0.808003 
0.841244 0.820788 0.708282 0.756864 0.641800 0.590661 0.455141 0.260811 0.076709 0.048582 

PC 5:min max interval: -1.595019 1.371727 0.042382
probability:
0.005647 0.005647 0.005647 0.005647 0.011295 0.005647 0.011295 0.022590 0.016942 0.050827 
0.045179 0.084711 0.152480 0.163775 0.192012 0.242839 0.429203 0.491325 0.660747 0.677689 
0.683336 0.762400 0.841464 0.784990 0.745458 0.762400 0.609920 0.429203 0.508267 0.491325 
0.299313 0.259781 0.231544 0.254133 0.203307 0.338845 0.225896 0.248486 0.282370 0.288018 
0.372729 0.288018 0.355787 0.406613 0.378376 0.350139 0.372729 0.412261 0.519562 0.457440 
0.536504 0.587330 0.638157 0.615568 0.688984 0.688984 0.643805 0.576036 0.474382 0.423556 
0.384024 0.293665 0.175070 0.208954 0.079064 0.050827 0.045179 0.011295 0.011295 0.011295 

cluster: 6
PC 0:min max interval: -0.822934 0.894997 0.024542
probability:
0.029888 0.039850 0.029888 0.029888 0.069738 0.109588 0.079700 0.119550 0.119550 0.149438 
0.149438 0.278950 0.239100 0.308838 0.348688 0.418426 0.458276 0.408463 0.398501 0.587788 
0.707339 0.667489 0.886664 0.916551 1.065989 1.135727 1.065989 1.295127 1.285165 1.344940 
1.623890 1.643815 1.544190 1.364865 1.544190 1.713553 1.534227 1.454527 1.524265 1.265239 
1.056027 1.016177 0.986289 1.036102 0.767114 0.737226 0.657526 0.717301 0.597751 0.498126 
0.458276 0.388538 0.268988 0.249063 0.239100 0.149438 0.139475 0.169363 0.089663 0.119550 
0.069738 0.099625 0.029888 0.059775 0.039850 0.049813 0.039850 0.019925 0.019925 0.009963 

PC 1:min max interval: -0.819963 0.957190 0.025388
probability:
0.067414 0.057783 0.038522 0.048153 0.096305 0.067414 0.182980 0.144458 0.240763 0.240763 
0.298546 0.317807 0.433374 0.443004 0.529679 0.568201 0.606723 0.654876 0.866747 0.943791 
0.886008 0.914900 0.886008 1.117141 1.194185 1.126771 1.107510 1.011205 1.040096 1.309751 
1.251968 1.280859 1.290490 1.136402 1.174924 1.088249 1.049727 1.059358 1.068988 1.117141 
0.741550 0.934161 0.828225 0.616353 0.818594 0.712659 0.722289 0.500787 0.510418 0.385221 
0.414112 0.394851 0.356329 0.414112 0.375590 0.269655 0.221502 0.192610 0.182980 0.134827 
0.105936 0.134827 0.086675 0.134827 0.077044 0.048153 0.009631 0.048153 0.028892 0.019261 

PC 2:min max interval: -1.139567 0.945300 0.029784
probability:
0.073882 0.073882 0.197019 0.295528 0.336574 0.352992 0.410456 0.435083 0.410456 0.451501 
0.377619 0.394038 0.402247 0.336574 0.369410 0.303737 0.459710 0.443292 0.385828 0.238064 
0.279110 0.303737 0.394038 0.221646 0.270901 0.303737 0.328365 0.262692 0.352992 0.311946 
0.352992 0.344783 0.377619 0.352992 0.361201 0.443292 0.525383 0.615684 0.574638 0.623893 
0.755239 0.853748 0.788075 0.952257 0.861957 1.017930 1.100021 1.198531 1.009721 0.993303 
0.944048 1.239576 0.976885 0.985094 0.722402 0.894794 0.829121 0.582847 0.435083 0.361201 
0.385828 0.352992 0.287319 0.254483 0.164182 0.131346 0.073882 0.057464 0.000000 0.008209 

PC 3:min max interval: -1.274420 1.348952 0.037477
probability:
0.006524 0.000000 0.006524 0.013048 0.006524 0.013048 0.013048 0.032620 0.065240 0.104384 
0.071764 0.071764 0.091336 0.097860 0.078288 0.097860 0.123956 0.182672 0.117432 0.274009 
0.280533 0.326201 0.319677 0.528445 0.495825 0.704594 0.900314 0.835074 1.024270 1.024270 
1.193895 1.226515 1.520096 1.409187 1.383091 1.383091 1.324375 1.187371 1.082987 1.089511 
0.972078 0.802454 0.776358 0.606733 0.489301 0.397965 0.365345 0.247913 0.267485 0.215293 
0.110908 0.137004 0.045668 0.065240 0.097860 0.065240 0.052192 0.065240 0.019572 0.019572 
0.019572 0.026096 0.019572 0.019572 0.019572 0.019572 0.013048 0.006524 0.006524 0.000000 

PC 4:min max interval: -2.418820 4.521048 0.099141
probability:
0.002466 0.000000 0.004932 0.009865 0.004932 0.002466 0.022196 0.019729 0.019729 0.054256 
0.081384 0.130707 0.207159 0.406919 0.722589 0.907552 1.151703 1.109778 1.013597 0.786709 
0.720123 0.394588 0.246617 0.098647 0.056722 0.044391 0.029594 0.066587 0.049323 0.049323 
0.019729 0.014797 0.029594 0.014797 0.004932 0.014797 0.002466 0.004932 0.004932 0.000000 
0.009865 0.004932 0.004932 0.017263 0.014797 0.027128 0.029594 0.024662 0.046857 0.036993 
0.036993 0.039459 0.022196 0.034526 0.024662 0.000000 0.004932 0.004932 0.014797 0.019729 
0.039459 0.088782 0.118376 0.189895 0.236753 0.199760 0.170166 0.069053 0.019729 0.007399 

PC 5:min max interval: -3.635116 4.005464 0.109151
probability:
0.020160 0.029120 0.060480 0.123200 0.273280 0.400960 0.548801 0.642881 0.533121 0.418880 
0.228480 0.136640 0.076160 0.058240 0.022400 0.029120 0.022400 0.031360 0.020160 0.031360 
0.006720 0.015680 0.006720 0.002240 0.002240 0.002240 0.004480 0.004480 0.002240 0.015680 
0.008960 0.017920 0.033600 0.058240 0.091840 0.132160 0.143360 0.179200 0.185920 0.147840 
0.060480 0.031360 0.022400 0.013440 0.015680 0.013440 0.008960 0.013440 0.040320 0.080640 
0.190400 0.302400 0.524161 0.651841 0.616001 0.667521 0.499520 0.347200 0.152320 0.062720 
0.026880 0.022400 0.011200 0.002240 0.004480 0.002240 0.002240 0.002240 0.002240 0.000000 

cluster: 7
PC 0:min max interval: -0.851767 0.859480 0.024446
probability:
0.017632 0.000000 0.000000 0.035264 0.105791 0.017632 0.088159 0.070527 0.070527 0.035264 
0.176318 0.193950 0.158686 0.105791 0.317373 0.105791 0.458428 0.282109 0.670010 0.423164 
0.687641 0.722905 0.916855 1.005014 0.793432 1.181333 0.987383 0.969751 1.445810 1.181333 
1.181333 1.604497 1.886606 1.622129 1.392915 1.410547 1.392915 1.798447 1.551601 1.392915 
1.075542 1.357651 1.181333 0.987383 0.811064 0.863960 0.634746 0.828696 0.634746 0.599482 
0.423164 0.528955 0.440796 0.282109 0.299741 0.229214 0.211582 0.193950 0.088159 0.211582 
0.123423 0.105791 0.088159 0.070527 0.035264 0.052895 0.035264 0.017632 0.000000 0.017632 

PC 1:min max interval: -0.917710 0.754232 0.023885
probability:
0.072185 0.144371 0.126324 0.144371 0.108278 0.126324 0.126324 0.126324 0.198510 0.162417 
0.306788 0.162417 0.342880 0.378973 0.198510 0.360927 0.288741 0.523343 0.378973 0.469204 
0.721853 0.487251 0.523343 0.667714 0.469204 0.577482 0.487251 0.631621 0.631621 0.721853 
0.902316 0.794038 0.992548 1.010594 1.082780 1.154965 1.136919 1.010594 1.118872 1.154965 
1.046687 1.425660 1.245196 1.299335 1.082780 1.317382 1.227150 1.082780 1.154965 1.136919 
1.154965 0.775992 0.938409 0.775992 0.848177 0.577482 0.541390 0.541390 0.397019 0.451158 
0.433112 0.198510 0.360927 0.198510 0.144371 0.144371 0.144371 0.036093 0.072185 0.072185 

PC 2:min max interval: -1.081608 0.939350 0.028871
probability:
0.044789 0.074649 0.044789 0.029860 0.209017 0.089579 0.149298 0.223946 0.238876 0.343384 
0.343384 0.522542 0.343384 0.403103 0.313525 0.373244 0.477752 0.298595 0.537471 0.522542 
0.313525 0.418033 0.597190 0.567331 0.597190 0.627050 0.761418 0.507612 0.686769 0.552401 
0.671839 0.582261 0.686769 0.701699 0.656909 0.731558 0.671839 0.865926 0.656909 0.597190 
0.612120 0.836066 0.641980 1.015224 0.731558 0.850996 1.104802 0.731558 0.731558 1.089872 
0.716628 0.865926 0.641980 0.746488 0.761418 0.612120 0.686769 0.492682 0.388174 0.477752 
0.492682 0.432963 0.253806 0.283665 0.134368 0.119438 0.059719 0.029860 0.029860 0.014930 

PC 3:min max interval: -1.371573 1.532288 0.041484
probability:
0.031171 0.020781 0.020781 0.020781 0.000000 0.000000 0.031171 0.000000 0.020781 0.010390 
0.083124 0.114295 0.114295 0.166247 0.135076 0.176638 0.363666 0.301323 0.301323 0.228590 
0.426008 0.477960 0.374056 0.571474 0.748112 0.706550 0.664988 0.748112 1.090997 1.018264 
1.090997 1.111778 0.862407 0.987092 1.184511 1.101387 0.966311 0.966311 0.914359 0.800064 
0.602646 0.633817 0.488351 0.384446 0.415618 0.363666 0.301323 0.290932 0.207809 0.301323 
0.124685 0.155857 0.207809 0.124685 0.051952 0.072733 0.093514 0.062343 0.062343 0.010390 
0.072733 0.041562 0.010390 0.020781 0.020781 0.000000 0.000000 0.020781 0.000000 0.000000 

PC 4:min max interval: -2.967330 3.514418 0.092596
probability:
0.013965 0.121030 0.260679 0.325849 0.386363 0.391018 0.246714 0.200164 0.134994 0.093100 
0.079135 0.027930 0.023275 0.037240 0.037240 0.018620 0.032585 0.107065 0.134994 0.130339 
0.279299 0.279299 0.432913 0.516703 0.474808 0.591183 0.526013 0.493428 0.386363 0.297919 
0.218784 0.153614 0.093100 0.055860 0.051205 0.009310 0.009310 0.009310 0.018620 0.018620 
0.009310 0.000000 0.000000 0.000000 0.004655 0.013965 0.009310 0.000000 0.000000 0.009310 
0.013965 0.004655 0.023275 0.004655 0.023275 0.027930 0.018620 0.046550 0.083790 0.097755 
0.153614 0.186199 0.242059 0.363089 0.321194 0.488773 0.386363 0.321194 0.190854 0.032585 

PC 5:min max interval: -2.838647 3.796394 0.094786
probability:
0.004547 0.004547 0.004547 0.004547 0.018190 0.095496 0.163708 0.218277 0.386532 0.313773 
0.363795 0.345605 0.341058 0.468386 0.427459 0.445649 0.482028 0.386532 0.318320 0.200087 
0.077306 0.059117 0.013642 0.009095 0.000000 0.000000 0.004547 0.004547 0.018190 0.022737 
0.045474 0.118233 0.245561 0.245561 0.313773 0.331963 0.272846 0.159160 0.104591 0.150065 
0.131876 0.168255 0.150065 0.113686 0.104591 0.054569 0.040927 0.095496 0.109138 0.136423 
0.159160 0.259204 0.241014 0.268299 0.204635 0.213729 0.140970 0.150065 0.113686 0.122781 
0.050022 0.054569 0.054569 0.027285 0.040927 0.018190 0.036379 0.054569 0.031832 0.009095 

